== mode n (72 runs)
run	hidden	reg	diff	files	out_k	in_M	pre_reads	pre_code	pre_doc	reads	code_lines	doc_lines	checks	fail	wall_min
p11-n-ruby-1-c1	48/48	0	352	21	32.5	2.63	17	4148	0	18	4149	0	1	0	4.5
p11-n-ruby-2-c1	48/48	0	330	18	31.1	1.33	9	3752	0	9	3752	0	1	0	4.4
p11-n-java-1-c1	48/48	0	515	25	37.3	2.51	13	4979	0	13	4979	0	1	0	5.2
p11-n-java-2-c1	48/48	0	505	23	33.1	2.41	13	4775	0	13	4775	0	1	0	4.6
p11-n-haskell-1-c1	48/48	0	476	21	40.2	2.66	13	3651	0	13	3651	0	1	0	5.4
p11-n-haskell-2-c1	48/48	0	400	17	37.3	2.43	10	3490	0	11	3519	0	2	1	4.8
p11-n-scheme-1-c1	48/48	0	462	16	47.2	3.98	14	3541	0	18	3713	0	3	1	6.5
p11-n-scheme-2-c1	48/48	0	569	20	51.7	4.52	17	3860	0	19	3926	0	2	0	8.0
p11-n-steep-1-c1	48/48	0	689	41	57.0	4.04	15	6812	0	16	6888	0	2	1	7.6
p11-n-steep-2-c1	48/48	0	611	25	53.8	2.32	13	6220	0	13	6220	0	2	1	6.9
p11-n-sake-1-c1	48/48	0	478	29	53.3	3.25	14	4923	1622	15	4930	1622	1	0	18.4
p11-n-sake-2-c1	48/48	0	480	23	51.2	4.66	17	4355	1996	19	4365	1996	1	0	19.0
p11-n-ruby-1-c2	55/55	0	121	8	12.3	0.71	9	2295	0	9	2295	0	1	0	1.9
p11-n-ruby-2-c2	55/55	0	122	10	13.9	0.99	11	2128	0	11	2128	0	1	0	2.1
p11-n-java-1-c2	55/55	0	200	10	12.1	0.88	11	2255	0	11	2255	0	1	0	2.1
p11-n-java-2-c2	55/55	0	213	10	14.0	0.85	10	2588	0	10	2588	0	1	0	2.2
p11-n-haskell-1-c2	55/55	0	123	10	12.6	1.01	6	1137	0	9	1278	0	1	0	2.4
p11-n-haskell-2-c2	55/55	0	102	9	10.5	0.98	14	2209	0	14	2209	0	1	0	2.2
p11-n-scheme-1-c2	0/55	732	149	7	13.1	1.08	11	2082	0	12	2103	0	1	0	2.1
p11-n-scheme-2-c2	55/55	0	149	7	13.5	1.00	13	2148	0	14	2187	0	1	0	2.6
p11-n-steep-1-c2	55/55	0	206	14	21.2	1.39	10	3232	0	11	3267	0	2	1	4.1
p11-n-steep-2-c2	55/55	0	192	12	18.3	1.36	12	2419	0	12	2419	0	2	1	3.2
p11-n-sake-1-c2	55/55	0	209	14	24.0	2.59	17	3256	2739	19	3302	2739	1	0	15.1
p11-n-sake-2-c2	55/55	0	251	16	26.6	2.90	17	3662	2024	20	3811	2024	1	0	15.2
p11-n-ruby-1-c3	42/44	17	121	6	19.0	0.85	9	2562	0	9	2562	0	2	0	3.0
p11-n-ruby-2-c3	44/44	0	112	6	14.9	0.62	6	1860	0	6	1860	0	1	0	2.2
p11-n-java-1-c3	44/44	0	138	8	17.0	1.09	12	2548	0	13	2550	0	1	0	3.1
p11-n-java-2-c3	44/44	0	129	6	16.3	0.96	8	1871	0	10	1901	0	1	0	2.6
p11-n-haskell-1-c3	44/44	0	119	7	16.2	0.84	8	1718	0	8	1718	0	1	0	3.4
p11-n-haskell-2-c3	44/44	0	122	8	17.2	0.74	9	1398	0	9	1398	0	1	0	3.4
p11-n-scheme-1-c3	44/44	0	111	8	13.9	0.66	6	1409	0	7	1417	0	1	0	2.1
p11-n-scheme-2-c3	44/44	0	127	7	17.6	0.56	6	1638	0	7	1642	0	1	0	2.3
p11-n-steep-1-c3	44/44	0	182	9	17.9	0.73	7	2126	0	8	2132	0	1	0	3.0
p11-n-steep-2-c3	44/44	0	111	5	15.8	0.56	8	2227	0	8	2227	0	1	0	2.6
p11-n-sake-1-c3	44/44	0	156	8	25.4	3.38	12	2386	1924	16	2420	1924	1	0	20.3
p11-n-sake-2-c3	44/44	0	121	10	21.0	2.14	12	2115	1646	12	2115	1646	1	0	21.3
p11-n-ruby-1-c4	17/17	0	12	1	2.1	0.28	6	430	0	6	430	0	1	0	0.6
p11-n-ruby-2-c4	17/17	0	19	1	2.1	0.25	4	500	0	4	500	0	1	0	0.5
p11-n-java-1-c4	17/17	0	37	1	2.6	0.30	6	516	0	6	516	0	1	0	0.8
p11-n-java-2-c4	17/17	0	43	1	2.2	0.25	5	465	0	5	465	0	1	0	0.6
p11-n-haskell-1-c4	17/17	0	40	1	2.8	0.38	7	574	0	7	574	0	1	0	1.4
p11-n-haskell-2-c4	17/17	0	39	1	2.6	0.34	6	658	0	6	658	0	1	0	1.4
p11-n-scheme-1-c4	17/17	0	35	1	2.4	0.35	5	552	0	5	552	0	1	0	0.6
p11-n-scheme-2-c4	17/17	0	35	1	2.8	0.39	8	465	0	8	465	0	1	0	0.8
p11-n-steep-1-c4	17/17	0	35	2	3.1	0.26	5	661	0	5	661	0	1	0	0.9
p11-n-steep-2-c4	17/17	0	22	2	2.7	0.39	6	488	0	6	488	0	1	0	0.8
p11-n-sake-1-c4	17/17	0	28	1	5.5	1.01	7	545	282	7	545	282	2	1	32.3
p11-n-sake-2-c4	17/17	0	47	1	4.5	0.74	8	735	1695	8	735	1695	1	0	14.8
p11-n-ruby-1-c5	14/24	0	121	6	6.4	0.41	6	530	0	6	530	0	1	0	1.2
p11-n-ruby-2-c5	14/24	0	129	4	6.1	0.49	8	562	0	8	562	0	1	0	1.2
p11-n-java-1-c5	24/24	0	162	6	5.5	0.35	5	444	0	5	444	0	1	0	1.1
p11-n-java-2-c5	24/24	0	225	8	6.8	0.32	5	822	0	5	822	0	1	0	1.2
p11-n-haskell-1-c5	24/24	0	134	6	7.2	0.37	6	723	0	6	723	0	1	0	1.4
p11-n-haskell-2-c5	24/24	0	176	9	15.0	0.66	9	956	0	9	956	0	1	0	2.3
p11-n-scheme-1-c5	24/24	0	139	5	6.9	0.41	6	505	0	6	505	0	1	0	1.0
p11-n-scheme-2-c5	24/24	0	142	6	9.1	0.38	6	663	0	6	663	0	2	1	1.4
p11-n-steep-1-c5	24/24	0	185	10	7.8	0.38	5	841	0	5	841	0	2	1	1.3
p11-n-steep-2-c5	24/24	0	157	7	8.3	0.38	5	870	0	5	870	0	1	0	1.2
p11-n-sake-1-c5	24/24	0	217	9	13.1	1.44	8	749	1832	10	751	1832	3	2	28.4
p11-n-sake-2-c5	24/24	0	198	8	14.2	1.12	7	1088	1622	7	1088	1622	2	1	29.0
p11-n-ruby-1-c6	18/18	0	37	1	3.1	0.34	6	493	0	6	493	0	1	0	1.0
p11-n-ruby-2-c6	18/18	0	43	1	2.9	0.29	5	524	0	5	524	0	1	0	1.2
p11-n-java-1-c6	18/18	0	43	1	3.1	0.31	5	689	0	5	689	0	1	0	1.0
p11-n-java-2-c6	18/18	0	48	1	3.0	0.31	6	608	0	6	608	0	1	0	1.0
p11-n-haskell-1-c6	18/18	0	58	1	3.9	0.35	7	688	0	7	688	0	1	0	1.5
p11-n-haskell-2-c6	18/18	0	59	1	3.8	0.36	7	730	0	7	730	0	1	0	1.4
p11-n-scheme-1-c6	18/18	0	49	1	4.5	0.36	5	497	0	5	497	0	2	0	1.0
p11-n-scheme-2-c6	18/18	0	46	1	4.4	0.39	7	516	0	7	516	0	1	0	1.2
p11-n-steep-1-c6	18/18	0	59	2	4.1	0.36	7	695	0	7	695	0	1	0	1.2
p11-n-steep-2-c6	18/18	0	56	2	4.6	0.32	5	659	0	5	659	0	1	0	1.2
p11-n-sake-1-c6	18/18	0	70	1	5.6	0.38	7	429	478	7	429	478	1	0	10.4
p11-n-sake-2-c6	18/18	0	74	3	6.8	0.85	11	642	2173	11	642	2173	1	0	10.9

-- per language: wide (c1-c3) | local (c4-c6) | wide/local (tokens, reads) or wide-local (pass rate)
lang	n_w	n_l	pass_w	pass_l	d_pass	reg_w	reg_l	out_w	out_l	r_out	pre_code_w	pre_code_l	r_pre	in_w	in_l	r_in
ruby	6	6	0.992	0.861	0.131	2.8	0.0	20.6	3.8	5.44	2791	506	5.51	1.19	0.34	3.46
java	6	6	1.000	1.000	0.000	0.0	0.0	21.6	3.9	5.61	3169	591	5.37	1.45	0.31	4.74
haskell	6	6	1.000	1.000	0.000	0.0	0.0	22.3	5.9	3.79	2267	722	3.14	1.44	0.41	3.51
scheme	6	6	0.833	1.000	-0.167	122.0	0.0	26.2	5.0	5.20	2446	533	4.59	1.97	0.38	5.19
steep	6	6	1.000	1.000	0.000	0.0	0.0	30.7	5.1	5.99	3839	702	5.47	1.73	0.35	4.97
sake	6	6	1.000	1.000	0.000	0.0	0.0	33.6	8.3	4.05	3450	698	4.94	3.15	0.92	3.41

== mode h (36 runs)
run	hidden	reg	diff	files	out_k	in_M	pre_reads	pre_code	pre_doc	reads	code_lines	doc_lines	checks	fail	wall_min
p11-h-ruby-1-c1	48/48	0	323	21	32.5	1.60	12	4277	0	12	4277	0	1	0	4.2
p11-h-ruby-2-c1	48/48	0	342	18	34.0	2.67	11	3930	0	12	3959	0	1	0	4.6
p11-h-java-1-c1	48/48	0	449	26	38.5	2.40	15	4732	0	16	4745	0	1	0	6.2
p11-h-java-2-c1	48/48	0	447	23	34.9	2.27	17	4881	0	17	4881	0	2	0	4.5
p11-h-haskell-1-c1	48/48	0	473	22	45.9	2.54	11	3863	0	11	3863	0	1	0	6.3
p11-h-haskell-2-c1	48/48	0	409	17	38.0	2.63	13	3774	0	13	3774	0	1	0	5.1
p11-h-scheme-1-c1	48/48	0	441	16	45.9	2.84	14	3839	0	14	3839	0	1	0	6.1
p11-h-scheme-2-c1	48/48	0	677	21	54.2	4.90	15	3950	0	17	4080	0	2	0	6.7
p11-h-steep-1-c1	48/48	0	674	43	57.7	3.70	17	6734	0	18	6735	0	1	0	7.3
p11-h-steep-2-c1	48/48	0	614	26	51.1	2.14	12	5574	0	14	6111	0	2	1	6.3
p11-h-sake-1-c1	48/48	0	497	29	54.6	4.51	17	5357	1883	19	5422	1883	1	0	16.3
p11-h-sake-2-c1	48/48	0	493	25	59.2	4.23	15	4449	1892	16	4476	1892	1	0	16.8
p11-h-ruby-1-c2	55/55	0	125	8	13.8	1.08	11	2464	0	11	2464	0	1	0	2.1
p11-h-ruby-2-c2	55/55	0	130	10	16.4	1.31	10	3152	0	11	3197	0	1	0	2.3
p11-h-java-1-c2	55/55	0	205	9	12.9	0.97	9	2694	0	10	2714	0	1	0	1.8
p11-h-java-2-c2	55/55	0	210	11	12.0	0.63	8	2246	0	8	2246	0	1	0	2.6
p11-h-haskell-1-c2	55/55	0	116	9	15.7	1.16	11	3229	0	11	3229	0	1	0	2.4
p11-h-haskell-2-c2	55/55	0	95	9	13.9	1.66	12	3389	0	12	3389	0	1	0	2.5
p11-h-scheme-1-c2	0/55	732	173	7	16.2	1.05	13	2455	0	13	2455	0	1	0	2.4
p11-h-scheme-2-c2	0/55	733	161	10	13.6	1.93	12	3187	0	13	3219	0	1	0	2.4
p11-h-steep-1-c2	55/55	0	203	16	18.8	1.29	11	2057	0	14	2117	0	2	1	2.7
p11-h-steep-2-c2	55/55	0	166	11	15.4	0.85	8	2029	0	8	2029	0	2	1	2.5
p11-h-sake-1-c2	55/55	0	184	16	28.9	2.76	20	3788	2643	20	3788	2643	1	0	13.3
p11-h-sake-2-c2	55/55	0	258	15	29.3	2.86	21	4621	2133	21	4621	2133	1	0	13.5
p11-h-ruby-1-c3	44/44	0	163	6	19.8	1.09	11	2726	0	11	2726	0	1	0	2.7
p11-h-ruby-2-c3	44/44	0	104	6	17.4	0.61	8	2036	0	8	2036	0	1	0	2.3
p11-h-java-1-c3	44/44	0	152	10	17.6	1.26	10	3136	0	10	3136	0	2	0	3.0
p11-h-java-2-c3	44/44	0	101	6	12.8	0.56	6	1792	0	7	1822	0	1	0	1.8
p11-h-haskell-1-c3	44/44	0	137	7	19.6	1.40	8	2523	0	10	2582	0	1	0	3.0
p11-h-haskell-2-c3	44/44	0	107	6	17.1	0.77	6	1576	0	7	1582	0	1	0	2.5
p11-h-scheme-1-c3	44/44	0	131	8	19.2	1.14	9	2800	0	9	2800	0	1	0	2.6
p11-h-scheme-2-c3	44/44	0	156	7	19.3	1.67	16	2661	0	16	2661	0	2	0	2.9
p11-h-steep-1-c3	44/44	0	170	9	18.3	0.66	9	2616	0	9	2616	0	1	0	2.5
p11-h-steep-2-c3	44/44	0	100	5	18.5	0.71	8	2001	0	8	2001	0	1	0	3.0
p11-h-sake-1-c3	44/44	0	113	9	21.9	1.47	11	1875	1919	11	1875	1919	1	0	11.2
p11-h-sake-2-c3	44/44	0	134	10	18.8	1.48	10	1952	1786	10	1952	1786	1	0	11.2

-- per language: wide (c1-c3) | local (c4-c6) | wide/local (tokens, reads) or wide-local (pass rate)
lang	n_w	n_l	pass_w	pass_l	d_pass	reg_w	reg_l	out_w	out_l	r_out	pre_code_w	pre_code_l	r_pre	in_w	in_l	r_in
ruby	6	6	1.000	0.861	0.139	0.0	0.0	22.3	3.8	5.89	3098	506	6.12	1.39	0.34	4.05
java	6	6	1.000	1.000	0.000	0.0	0.0	21.4	3.9	5.57	3247	591	5.50	1.35	0.31	4.40
haskell	6	6	1.000	1.000	0.000	0.0	0.0	25.0	5.9	4.25	3059	722	4.24	1.69	0.41	4.13
scheme	6	6	0.667	1.000	-0.333	244.2	0.0	28.1	5.0	5.58	3149	533	5.91	2.26	0.38	5.95
steep	6	6	1.000	1.000	0.000	0.0	0.0	30.0	5.1	5.86	3502	702	4.99	1.56	0.35	4.48
sake	6	6	1.000	1.000	0.000	0.0	0.0	35.4	8.3	4.27	3674	698	5.26	2.89	0.92	3.12

== mode t (12 runs)
run	hidden	reg	diff	files	out_k	in_M	pre_reads	pre_code	pre_doc	reads	code_lines	doc_lines	checks	fail	wall_min
p11-t-ruby-1-c2	55/55	0	99	7	10.4	0.73	9	1451	0	9	1451	0	1	0	3.1
p11-t-ruby-2-c2	55/55	0	99	10	10.9	0.79	8	1725	0	8	1725	0	0	0	3.9
p11-t-java-1-c2	55/55	0	189	9	9.7	0.77	2	194	0	7	1681	0	0	0	5.0
p11-t-java-2-c2	55/55	0	153	9	8.7	0.83	6	1680	0	7	1705	0	0	0	3.2
p11-t-haskell-1-c2	55/55	0	123	10	10.6	0.80	8	1445	0	8	1445	0	0	0	4.0
p11-t-haskell-2-c2	55/55	0	105	9	7.4	0.97	7	1497	0	7	1497	0	0	0	7.9
p11-t-scheme-1-c2	55/55	0	237	8	15.8	1.25	9	2128	0	9	2128	0	0	0	7.0
p11-t-scheme-2-c2	55/55	0	144	10	11.0	0.81	9	1591	0	9	1591	0	0	0	5.3
p11-t-steep-1-c2	55/55	0	210	15	12.9	1.15	11	1712	46	12	1749	46	0	1	3.6
p11-t-steep-2-c2	55/55	0	206	11	14.7	1.34	7	1935	0	9	1939	0	0	4	5.2
p11-t-sake-1-c2	55/55	0	198	16	24.6	2.88	11	2766	1646	12	2774	1646	1	0	34.6
p11-t-sake-2-c2	55/55	0	230	13	23.0	4.08	13	3030	1647	17	3045	1647	1	0	87.8

-- per language: wide (c1-c3) | local (c4-c6) | wide/local (tokens, reads) or wide-local (pass rate)
lang	n_w	n_l	pass_w	pass_l	d_pass	reg_w	reg_l	out_w	out_l	r_out	pre_code_w	pre_code_l	r_pre	in_w	in_l	r_in
ruby	2	0	1.000	-	-	0.0	-	10.6	-	-	1588	-	-	0.76	-	-
java	2	0	1.000	-	-	0.0	-	9.2	-	-	937	-	-	0.80	-	-
haskell	2	0	1.000	-	-	0.0	-	9.0	-	-	1471	-	-	0.88	-	-
scheme	2	0	1.000	-	-	0.0	-	13.4	-	-	1860	-	-	1.03	-	-
steep	2	0	1.000	-	-	0.0	-	13.8	-	-	1824	-	-	1.24	-	-
sake	2	0	1.000	-	-	0.0	-	23.8	-	-	2898	-	-	3.48	-	-

