== mode n (72 runs)
run	hidden	reg	diff	files	out_k	in_M	pre_reads	pre_code	pre_doc	reads	code_lines	doc_lines	checks	fail	wall_min
p11-n-ruby-1-c1	48/48	0	352	21	32.5	2.63	9	1768	0	10	1769	0	1	0	4.5
p11-n-ruby-2-c1	48/48	0	330	18	31.1	1.33	7	3221	0	7	3221	0	1	0	4.4
p11-n-java-1-c1	48/48	0	515	25	37.3	2.51	10	4409	0	10	4409	0	1	0	5.2
p11-n-java-2-c1	48/48	0	505	23	33.1	2.41	11	4211	0	11	4211	0	1	0	4.6
p11-n-haskell-1-c1	48/48	0	476	21	40.2	2.66	9	2342	0	9	2342	0	1	0	5.4
p11-n-haskell-2-c1	48/48	0	400	17	37.3	2.43	8	2817	0	8	2817	0	2	1	4.8
p11-n-scheme-1-c1	48/48	0	462	16	47.2	3.98	13	3410	0	15	3501	0	3	1	6.5
p11-n-scheme-2-c1	48/48	0	569	20	51.7	4.52	11	2027	0	13	2093	0	2	0	8.0
p11-n-steep-1-c1	48/48	0	689	41	57.0	4.04	11	6404	0	12	6480	0	2	1	7.6
p11-n-steep-2-c1	48/48	0	611	25	53.8	2.32	10	5868	0	10	5868	0	2	1	6.9
p11-n-sake-1-c1	48/48	0	478	29	53.3	3.25	3	310	1622	3	310	1622	1	0	18.4
p11-n-sake-2-c1	48/48	0	480	23	51.2	4.66	14	4290	1816	16	4300	1816	1	0	19.0
p11-n-ruby-1-c2	55/55	0	121	8	12.3	0.71	7	2049	0	7	2049	0	1	0	1.9
p11-n-ruby-2-c2	55/55	0	122	10	13.9	0.99	5	1665	0	5	1665	0	1	0	2.1
p11-n-java-1-c2	55/55	0	200	10	12.1	0.88	6	1539	0	6	1539	0	1	0	2.1
p11-n-java-2-c2	55/55	0	213	10	14.0	0.85	7	2319	0	7	2319	0	1	0	2.2
p11-n-haskell-1-c2	55/55	0	123	10	12.6	1.01	5	1065	0	6	1074	0	1	0	2.4
p11-n-haskell-2-c2	55/55	0	102	9	10.5	0.98	9	1334	0	9	1334	0	1	0	2.2
p11-n-scheme-1-c2	0/55	732	149	7	13.1	1.08	7	1817	0	8	1838	0	1	0	2.1
p11-n-scheme-2-c2	55/55	0	149	7	13.5	1.00	9	1436	0	10	1475	0	1	0	2.6
p11-n-steep-1-c2	55/55	0	206	14	21.2	1.39	5	2138	0	5	2138	0	2	1	4.1
p11-n-steep-2-c2	55/55	0	192	12	18.3	1.36	6	823	0	6	823	0	2	1	3.2
p11-n-sake-1-c2	55/55	0	209	14	24.0	2.59	7	897	2739	7	897	2739	1	0	15.1
p11-n-sake-2-c2	55/55	0	251	16	26.6	2.90	12	3283	1894	15	3432	1894	1	0	15.2
p11-n-ruby-1-c3	42/44	17	121	6	19.0	0.85	7	2289	0	7	2289	0	2	0	3.0
p11-n-ruby-2-c3	44/44	0	112	6	14.9	0.62	5	1807	0	5	1807	0	1	0	2.2
p11-n-java-1-c3	44/44	0	138	8	17.0	1.09	10	2338	0	10	2338	0	1	0	3.1
p11-n-java-2-c3	44/44	0	129	6	16.3	0.96	6	1501	0	7	1512	0	1	0	2.6
p11-n-haskell-1-c3	44/44	0	119	7	16.2	0.84	5	1466	0	5	1466	0	1	0	3.4
p11-n-haskell-2-c3	44/44	0	122	8	17.2	0.74	7	1343	0	7	1343	0	1	0	3.4
p11-n-scheme-1-c3	44/44	0	111	8	13.9	0.66	4	831	0	4	831	0	1	0	2.1
p11-n-scheme-2-c3	44/44	0	127	7	17.6	0.56	5	1281	0	5	1281	0	1	0	2.3
p11-n-steep-1-c3	44/44	0	182	9	17.9	0.73	5	1458	0	6	1464	0	1	0	3.0
p11-n-steep-2-c3	44/44	0	111	5	15.8	0.56	4	1683	0	4	1683	0	1	0	2.6
p11-n-sake-1-c3	44/44	0	156	8	25.4	3.38	5	333	1897	7	361	1897	1	0	20.3
p11-n-sake-2-c3	44/44	0	121	10	21.0	2.14	7	1343	1637	7	1343	1637	1	0	21.3
p11-n-ruby-1-c4	17/17	0	12	1	2.1	0.28	4	301	0	4	301	0	1	0	0.6
p11-n-ruby-2-c4	17/17	0	19	1	2.1	0.25	2	139	0	2	139	0	1	0	0.5
p11-n-java-1-c4	17/17	0	37	1	2.6	0.30	3	262	0	3	262	0	1	0	0.8
p11-n-java-2-c4	17/17	0	43	1	2.2	0.25	4	302	0	4	302	0	1	0	0.6
p11-n-haskell-1-c4	17/17	0	40	1	2.8	0.38	3	114	0	3	114	0	1	0	1.4
p11-n-haskell-2-c4	17/17	0	39	1	2.6	0.34	4	340	0	4	340	0	1	0	1.4
p11-n-scheme-1-c4	17/17	0	35	1	2.4	0.35	2	112	0	2	112	0	1	0	0.6
p11-n-scheme-2-c4	17/17	0	35	1	2.8	0.39	5	260	0	5	260	0	1	0	0.8
p11-n-steep-1-c4	17/17	0	35	2	3.1	0.26	2	206	0	2	206	0	1	0	0.9
p11-n-steep-2-c4	17/17	0	22	2	2.7	0.39	1	33	0	1	33	0	1	0	0.8
p11-n-sake-1-c4	17/17	0	28	1	5.5	1.01	3	33	216	3	33	216	2	1	32.3
p11-n-sake-2-c4	17/17	0	47	1	4.5	0.74	5	453	1664	5	453	1664	1	0	14.8
p11-n-ruby-1-c5	14/24	0	121	6	6.4	0.41	3	184	0	3	184	0	1	0	1.2
p11-n-ruby-2-c5	14/24	0	129	4	6.1	0.49	3	151	0	3	151	0	1	0	1.2
p11-n-java-1-c5	24/24	0	162	6	5.5	0.35	3	172	0	3	172	0	1	0	1.1
p11-n-java-2-c5	24/24	0	225	8	6.8	0.32	2	224	0	2	224	0	1	0	1.2
p11-n-haskell-1-c5	24/24	0	134	6	7.2	0.37	3	199	0	3	199	0	1	0	1.4
p11-n-haskell-2-c5	24/24	0	176	9	15.0	0.66	4	193	0	4	193	0	1	0	2.3
p11-n-scheme-1-c5	24/24	0	139	5	6.9	0.41	4	456	0	4	456	0	1	0	1.0
p11-n-scheme-2-c5	24/24	0	142	6	9.1	0.38	4	549	0	4	549	0	2	1	1.4
p11-n-steep-1-c5	24/24	0	185	10	7.8	0.38	2	362	0	2	362	0	2	1	1.3
p11-n-steep-2-c5	24/24	0	157	7	8.3	0.38	2	274	0	2	274	0	1	0	1.2
p11-n-sake-1-c5	24/24	0	217	9	13.1	1.44	3	33	1832	5	35	1832	3	2	28.4
p11-n-sake-2-c5	24/24	0	198	8	14.2	1.12	5	933	1622	5	933	1622	2	1	29.0
p11-n-ruby-1-c6	18/18	0	37	1	3.1	0.34	2	106	0	2	106	0	1	0	1.0
p11-n-ruby-2-c6	18/18	0	43	1	2.9	0.29	3	437	0	3	437	0	1	0	1.2
p11-n-java-1-c6	18/18	0	43	1	3.1	0.31	3	203	0	3	203	0	1	0	1.0
p11-n-java-2-c6	18/18	0	48	1	3.0	0.31	3	270	0	3	270	0	1	0	1.0
p11-n-haskell-1-c6	18/18	0	58	1	3.9	0.35	4	440	0	4	440	0	1	0	1.5
p11-n-haskell-2-c6	18/18	0	59	1	3.8	0.36	5	684	0	5	684	0	1	0	1.4
p11-n-scheme-1-c6	18/18	0	49	1	4.5	0.36	2	113	0	2	113	0	2	0	1.0
p11-n-scheme-2-c6	18/18	0	46	1	4.4	0.39	4	440	0	4	440	0	1	0	1.2
p11-n-steep-1-c6	18/18	0	59	2	4.1	0.36	3	80	0	3	80	0	1	0	1.2
p11-n-steep-2-c6	18/18	0	56	2	4.6	0.32	2	112	0	2	112	0	1	0	1.2
p11-n-sake-1-c6	18/18	0	70	1	5.6	0.38	3	33	165	3	33	165	1	0	10.4
p11-n-sake-2-c6	18/18	0	74	3	6.8	0.85	5	87	1755	5	87	1755	1	0	10.9

-- per language: wide (c1-c3) | local (c4-c6) | wide/local (tokens, reads) or wide-local (pass rate)
lang	n_w	n_l	pass_w	pass_l	d_pass	reg_w	reg_l	out_w	out_l	r_out	pre_code_w	pre_code_l	r_pre	in_w	in_l	r_in
ruby	6	6	0.992	0.861	0.131	2.8	0.0	20.6	3.8	5.44	2133	220	9.71	1.19	0.34	3.46
java	6	6	1.000	1.000	0.000	0.0	0.0	21.6	3.9	5.61	2720	239	11.39	1.45	0.31	4.74
haskell	6	6	1.000	1.000	0.000	0.0	0.0	22.3	5.9	3.79	1728	328	5.26	1.44	0.41	3.51
scheme	6	6	0.833	1.000	-0.167	122.0	0.0	26.2	5.0	5.20	1800	322	5.60	1.97	0.38	5.19
steep	6	6	1.000	1.000	0.000	0.0	0.0	30.7	5.1	5.99	3062	178	17.22	1.73	0.35	4.97
sake	6	6	1.000	1.000	0.000	0.0	0.0	33.6	8.3	4.05	1743	262	6.65	3.15	0.92	3.41

== mode h (36 runs)
run	hidden	reg	diff	files	out_k	in_M	pre_reads	pre_code	pre_doc	reads	code_lines	doc_lines	checks	fail	wall_min
p11-h-ruby-1-c1	48/48	0	323	21	32.5	1.60	11	4164	0	11	4164	0	1	0	4.2
p11-h-ruby-2-c1	48/48	0	342	18	34.0	2.67	8	3137	0	8	3137	0	1	0	4.6
p11-h-java-1-c1	48/48	0	449	26	38.5	2.40	9	2989	0	10	3002	0	1	0	6.2
p11-h-java-2-c1	48/48	0	447	23	34.9	2.27	15	4486	0	15	4486	0	2	0	4.5
p11-h-haskell-1-c1	48/48	0	473	22	45.9	2.54	9	3123	0	9	3123	0	1	0	6.3
p11-h-haskell-2-c1	48/48	0	409	17	38.0	2.63	11	3330	0	11	3330	0	1	0	5.1
p11-h-scheme-1-c1	48/48	0	441	16	45.9	2.84	12	3373	0	12	3373	0	1	0	6.1
p11-h-scheme-2-c1	48/48	0	677	21	54.2	4.90	12	3316	0	13	3362	0	2	0	6.7
p11-h-steep-1-c1	48/48	0	674	43	57.7	3.70	13	6006	0	13	6006	0	1	0	7.3
p11-h-steep-2-c1	48/48	0	614	26	51.1	2.14	9	5123	0	11	5660	0	2	1	6.3
p11-h-sake-1-c1	48/48	0	497	29	54.6	4.51	6	837	1883	6	837	1883	1	0	16.3
p11-h-sake-2-c1	48/48	0	493	25	59.2	4.23	12	3755	1795	12	3755	1795	1	0	16.8
p11-h-ruby-1-c2	55/55	0	125	8	13.8	1.08	8	2181	0	8	2181	0	1	0	2.1
p11-h-ruby-2-c2	55/55	0	130	10	16.4	1.31	7	2655	0	8	2700	0	1	0	2.3
p11-h-java-1-c2	55/55	0	205	9	12.9	0.97	5	1314	0	5	1314	0	1	0	1.8
p11-h-java-2-c2	55/55	0	210	11	12.0	0.63	4	1319	0	4	1319	0	1	0	2.6
p11-h-haskell-1-c2	55/55	0	116	9	15.7	1.16	8	2862	0	8	2862	0	1	0	2.4
p11-h-haskell-2-c2	55/55	0	95	9	13.9	1.66	8	2611	0	8	2611	0	1	0	2.5
p11-h-scheme-1-c2	0/55	732	173	7	16.2	1.05	8	2196	0	8	2196	0	1	0	2.4
p11-h-scheme-2-c2	0/55	733	161	10	13.6	1.93	10	2926	0	10	2926	0	1	0	2.4
p11-h-steep-1-c2	55/55	0	203	16	18.8	1.29	7	1498	0	9	1554	0	2	1	2.7
p11-h-steep-2-c2	55/55	0	166	11	15.4	0.85	2	580	0	2	580	0	2	1	2.5
p11-h-sake-1-c2	55/55	0	184	16	28.9	2.76	9	1223	2643	9	1223	2643	1	0	13.3
p11-h-sake-2-c2	55/55	0	258	15	29.3	2.86	14	4005	1846	14	4005	1846	1	0	13.5
p11-h-ruby-1-c3	44/44	0	163	6	19.8	1.09	7	1921	0	7	1921	0	1	0	2.7
p11-h-ruby-2-c3	44/44	0	104	6	17.4	0.61	6	1560	0	6	1560	0	1	0	2.3
p11-h-java-1-c3	44/44	0	152	10	17.6	1.26	6	2334	0	6	2334	0	2	0	3.0
p11-h-java-2-c3	44/44	0	101	6	12.8	0.56	4	1315	0	5	1345	0	1	0	1.8
p11-h-haskell-1-c3	44/44	0	137	7	19.6	1.40	5	1666	0	7	1725	0	1	0	3.0
p11-h-haskell-2-c3	44/44	0	107	6	17.1	0.77	4	914	0	4	914	0	1	0	2.5
p11-h-scheme-1-c3	44/44	0	131	8	19.2	1.14	8	2638	0	8	2638	0	1	0	2.6
p11-h-scheme-2-c3	44/44	0	156	7	19.3	1.67	14	2403	0	14	2403	0	2	0	2.9
p11-h-steep-1-c3	44/44	0	170	9	18.3	0.66	7	2540	0	7	2540	0	1	0	2.5
p11-h-steep-2-c3	44/44	0	100	5	18.5	0.71	4	1511	0	4	1511	0	1	0	3.0
p11-h-sake-1-c3	44/44	0	113	9	21.9	1.47	4	311	1874	4	311	1874	1	0	11.2
p11-h-sake-2-c3	44/44	0	134	10	18.8	1.48	7	1600	1786	7	1600	1786	1	0	11.2

-- per language: wide (c1-c3) | local (c4-c6) | wide/local (tokens, reads) or wide-local (pass rate)
lang	n_w	n_l	pass_w	pass_l	d_pass	reg_w	reg_l	out_w	out_l	r_out	pre_code_w	pre_code_l	r_pre	in_w	in_l	r_in
ruby	6	6	1.000	0.861	0.139	0.0	0.0	22.3	3.8	5.89	2603	220	11.85	1.39	0.34	4.05
java	6	6	1.000	1.000	0.000	0.0	0.0	21.4	3.9	5.57	2293	239	9.60	1.35	0.31	4.40
haskell	6	6	1.000	1.000	0.000	0.0	0.0	25.0	5.9	4.25	2418	328	7.36	1.69	0.41	4.13
scheme	6	6	0.667	1.000	-0.333	244.2	0.0	28.1	5.0	5.58	2809	322	8.73	2.26	0.38	5.95
steep	6	6	1.000	1.000	0.000	0.0	0.0	30.0	5.1	5.86	2876	178	16.17	1.56	0.35	4.48
sake	6	6	1.000	1.000	0.000	0.0	0.0	35.4	8.3	4.27	1955	262	7.46	2.89	0.92	3.12

== mode t (12 runs)
run	hidden	reg	diff	files	out_k	in_M	pre_reads	pre_code	pre_doc	reads	code_lines	doc_lines	checks	fail	wall_min
p11-t-ruby-1-c2	55/55	0	99	7	10.4	0.73	5	910	0	5	910	0	1	0	3.1
p11-t-ruby-2-c2	55/55	0	99	10	10.9	0.79	5	1462	0	5	1462	0	0	0	3.9
p11-t-java-1-c2	55/55	0	189	9	9.7	0.77	2	194	0	3	469	0	0	0	5.0
p11-t-java-2-c2	55/55	0	153	9	8.7	0.83	3	992	0	4	1017	0	0	0	3.2
p11-t-haskell-1-c2	55/55	0	123	10	10.6	0.80	3	925	0	3	925	0	0	0	4.0
p11-t-haskell-2-c2	55/55	0	105	9	7.4	0.97	3	708	0	3	708	0	0	0	7.9
p11-t-scheme-1-c2	55/55	0	237	8	15.8	1.25	5	1403	0	5	1403	0	0	0	7.0
p11-t-scheme-2-c2	55/55	0	144	10	11.0	0.81	5	1077	0	5	1077	0	0	0	5.3
p11-t-steep-1-c2	55/55	0	210	15	12.9	1.15	4	701	0	4	701	0	0	1	3.6
p11-t-steep-2-c2	55/55	0	206	11	14.7	1.34	3	1064	0	4	1067	0	0	4	5.2
p11-t-sake-1-c2	55/55	0	198	16	24.6	2.88	6	1767	1622	7	1775	1622	1	0	34.6
p11-t-sake-2-c2	55/55	0	230	13	23.0	4.08	8	2282	1626	10	2286	1626	1	0	87.8

-- per language: wide (c1-c3) | local (c4-c6) | wide/local (tokens, reads) or wide-local (pass rate)
lang	n_w	n_l	pass_w	pass_l	d_pass	reg_w	reg_l	out_w	out_l	r_out	pre_code_w	pre_code_l	r_pre	in_w	in_l	r_in
ruby	2	0	1.000	-	-	0.0	-	10.6	-	-	1186	-	-	0.76	-	-
java	2	0	1.000	-	-	0.0	-	9.2	-	-	593	-	-	0.80	-	-
haskell	2	0	1.000	-	-	0.0	-	9.0	-	-	816	-	-	0.88	-	-
scheme	2	0	1.000	-	-	0.0	-	13.4	-	-	1240	-	-	1.03	-	-
steep	2	0	1.000	-	-	0.0	-	13.8	-	-	882	-	-	1.24	-	-
sake	2	0	1.000	-	-	0.0	-	23.8	-	-	2024	-	-	3.48	-	-

