20 2 4
1 15 6
2 5 6
3 1 17
9 15 19
13 1 2
15 3 15
20 14 1
25 19 13
28 9 3
33 10 5
34 9 13
40 6 16
45 16 15
51 9 13
51 9 19
55 13 19
56 12 10
57 15 12
63 18 13
64 4 18
70 2 17
74 20 5
76 10 16
80 20 4
83 11 12
89 1 2
90 7 2
94 6 16
99 3 5
102 15 3
107 18 3
111 13 12
113 5 3
117 6 18
122 2 3
125 12 6
126 12 19
127 4 17
133 12 17
138 14 18
138 4 20
140 19 16
146 7 17
148 3 8
151 7 19
157 18 6
157 2 11
159 12 11
159 14 2
160 17 3
164 18 4
168 16 9
168 13 19
169 9 7
169 9 12
171 10 3
177 8 12
182 20 16
183 7 17
184 18 2
190 9 6
196 19 12
201 17 18
203 5 14
209 5 9
210 14 4
212 14 5
218 20 10
221 10 20
226 16 17
228 5 10
228 18 5
231 9 13
234 9 4
236 14 15
239 2 17
239 16 17
240 18 15
244 6 9
247 11 14
251 12 14
253 5 14
253 13 14
254 1 17
258 16 20
259 19 18
262 7 17
262 12 8
264 17 13
266 8 9
268 19 2
271 14 19
272 12 6
275 16 2
275 19 12
278 12 17
281 18 3
284 14 4
289 6 8
295 16 10
