50 0 1
0 27 12
0 11 24
3 29 4
4 16 22
5 39 19
7 33 4
10 49 10
10 34 22
13 28 21
7 7 7
x 1 2
15 44 30
16 2 32
18 23 21
19 39 17
20 4 23
23 9 29
24 15 11
24 8 15
26 13 4
28 24 16
29 8 27
32 34 32
33 19 45
34 25 23
34 20 11
34 33 32
37 46 11
38 38 10
38 3 24
38 24 19
41 36 9
42 47 5
43 1 7
45 49 35
47 22 8
49 50 24
50 12 39
51 10 29
51 9 48
51 37 50
54 29 47
57 39 5
57 12 26
59 34 20
59 48 27
60 35 48
63 1 12
63 37 31
63 27 26
66 22 44
69 28 15
72 28 24
74 26 29
74 17 2
76 15 7
78 38 7
80 6 17
83 7 41
83 43 21
83 11 23
84 20 48
